4
7
10
13
16
19
22
25
28
31
34
37
40
43
46
49
52
55
58
61
64
67
70
73
76
79
82
85
88
91
94
97
100
103
106
109
112
115
118
121
124
127
130
133
136
139
142
145
148
151
154
157
160
163
166
169
172
175
178
181
184
187
190
193
196
199
202
205
208
211
214
217
220
220
223
226
229
232
235
238
241
244
247
250
253
256
259
262
265
268
271
274
277
280
283
286
289
292
292
295
298
301
304
307
310
313
316
319
322
325
328
331
334
334
337
340
343
346
349
352
355
358
361
364
367
370
373
376
379
382
385
388
391
391
394
397
400
403
406
409
412
415
418
421
424
427
430
433
436
439
442
445
448
451
454
457
460
460
463
466
469
472
475
478
481
484
487
490
493
496
499
502
505
505
508
511
514
517
520
523
526
529
532
535
538
541
544
547
550
553
556
559
562
565
568
571
574
577
580
583
586
589
592
595
598
601
604
607
610
613
616
619
622
625
628
631
634
637
640
643
646
649
652
655
658
661
664
667
670
673
676
679
682
685
688
691
694
697
697
700
703
706
709
712
715
718
721
724
727
730
733
736
739
742
745
748
751
754
757
757
760
763
766
769
772
775
778
781
784
787
790
793
796
799
802
805
808
811
814
817
820
823
826
829
832
835
838
841
844
847
850
853
856
859
862
865
868
871
874
877
880
883
886
889
892
895
898
901
904
907
910
913
916
919
922
925
928
931
931
934
937
937
940
943
946
949
952
955
958
961
964
967
970
973
976
979
982
985
988
991
994
994
997
1000
1003
1006
1009
1012
1015
1018
1021
1024
1027
1030
1033
1036
1039
1042
1045
1048
1051
1054
1057
1060
1063
1066
1069
1072
1072
1075
1078
1081
1084
1087
1090
1093
1096
1099
1102
1105
1108
1111
1114
1117
1120
1123
1126
1129
1132
1135
1138
1141
1144
1147
1150
1153
1156
1159
1162
1165
1168
1171
1174
1177
1180
1183
1186
1189
1192
1195
1198
1201
1204
1207
1210
1213
1213
1216
1219
1222
1225
1228
1231
1234
1237
1240
1243
1246
1249
1252
1255
1258
1261
1264
1267
1270
1273
1273
1276
1279
1279
1282
1285
1288
1291
1294
1297
1300
1303
1306
1309
1312
1315
1318
1321
1321
1324
1327
1330
1333
1336
1339
1342
1345
1348
1351
1354
1357
1360
1363
1363
1366
1369
1372
1375
1378
1381
1384
1387
1390
1393
1396
1399
1402
1405
1408
1411
1414
1417
1420
1423
1426
1429
1432
1435
1438
1441
1444
1447
1450
1453
1456
1459
1462
1465
1468
1471
1474
1477
1480
1483
1486
1489
1492
1495
1498
1501
1504
1507
1510
1513
1516
1519
1522
1525
1528
1531
1534
1537
1540
1543
1546
1549
1552
1555
1558
1561
1564
1567
1570
1573
1576
1579
1582
1585
1588
1591
1594
1597
1600
1603
1606
1609
1612
1615
1618
1621
1624
1627
1630
1633
1636
1639
1642
1645
1648
1651
1654
1657
1660
1663
1666
1669
1672
1675
1678
1681
1684
1687
1690
1693
1696
1699
1702
1705
1708
1711
1714
1717
1720
1723
1726
1729
1732
1735
1738
1741
1744
1747
1750
1753
1756
1759
1762
1765
1768
1771
1774
1777
1780
1783
1786
1789
1792
1795
1798
1801
1804
1807
1810
1813
1816
1819
1822
1825
1828
1831
1834
1837
1840
1843
1846
1849
1852
1855
1858
1861
1864
1867
1870
1873
1876
1878
1881
1884
1887
1890
1893
1896
1899
1902
1905
1908
1911
1914
1917
1920
1923
1926
1929
1932
1935
1938
1941
1944
1944
1947
1950
1953
1956
1959
1962
1965
1968
1971
1974
1977
1980
1983
1986
1989
1992
1995
1998
2001
2004
2007
2010
2013
2016
2019
2022
2025
2028
2031
2034
2037
2040
2043
2046
2049
2052
2055
2058
2061
2064
2067
2070
2073
2076
2079
2082
2085
2088
2091
2094
2097
2100
2103
2106
2109
2112
2115
2118
2121
2124
2127
2130
2133
2136
2139
2142
2145
2148
2151
2154
2157
2160
2163
2166
2169
2172
2175
2178
2181
2184
2187
2190
2193
2196
2199
2202
2205
2205
2208
2211
2214
2217
2220
2223
2226
2229
2232
2235
2238
2241
2244
2247
2250
2253
2256
2259
2262
2265
2268
2271
2274
2277
2280
2283
2286
2289
2292
2295
2298
2301
2304
2307
2310
2313
2316
2319
2322
2325
2328
2331
2334
2337
2340
2343
2346
2349
2352
2355
2358
2361
2364
2367
2370
2373
2376
2379
2382
2385
2388
2388
2391
2394
2397
2400
2403
2406
2409
2412
2415
2418
2421
2424
2427
2430
2433
2436
2439
2442
2445
2448
2451
2454
2457
2459
2462
2465
2468
2471
2474
2477
2480
2483
2486
2489
2492
2495
2498
2501
2504
2507
2510
2510
2513
2516
2519
2522
2525
2528
2531
2534
2537
2540
2543
2546
2549
2552
2555
2558
2561
2564
2567
2570
2573
2576
2579
2582
2585
2588
2591
2594
2597
2600
2603
2606
2609
2612
2615
2618
2621
2624
2627
2630
2633
2636
2639
2642
2645
2648
2651
2654
2657
2660
2663
2666
2669
2672
2675
2678
2681
2684
2687
2687
2690
2693
2696
2699
2702
2705
2708
2711
2714
2717
2720
2720
2723
2726
2729
2732
2735
2738
2741
2744
2747
2750
2753
2756
2759
2762
2765
2768
2771
2774
2777
2780
2783
2786
2789
2792
2795
2798
2801
2804
2807
2810
2813
2816
2819
2822
2825
2828
2831
2834
2837
2840
2843
2846
2849
2852
2855
2858
2861
2864
2864
2867
2870
2873
2876
2879
2882
2885
2888
2891
2894
2897
2900
2903
2906
2909
2912
2915
2918
2921
2924
2927
2930
2933
2936
2939
2942
2945
2948
2951
2954
2957
2960
2963
2966
2969
2972
2975
2978
2981
2984
2987
2990
2993
2996
2999
3002
3005
3008
3011
3011
3014
3017
3020
3023
3026
3029
3032
3035
3038
3041
3044
3047
3050
3053
3056
3059
3062
3065
3068
3071
3074
3077
3080
3083
3086
3089
3092
3095
3098
3101
3104
3107
3110
3113
3116
3119
3122
3125
3128
3131
3134
3137
3140
3143
3146
3149
3152
3155
3158
3161
3164
3167
3170
3173
3176
3179
3182
3182
3185
3185
3188
3191
3194
3197
3200
3203
3206
3209
3212
3212
3215
3218
3221
3224
3227
3230
3233
3236
3239
3242
3245
3248
3251
3254
3257
3260
3263
3266
3269
3272
3275
3278
3281
3284
3287
3290
3293
3296
3299
3302
3305
3308
3311
3314
3317
3320
3323
3326
3329
3332
3332
3335
3338
3341
3344
3347
3350
3353
3356
3359
3362
3365
3368
3371
3374
3377
3380
3383
3386
3389
3392
3395
3398
3401
3404
3407
3410
3413
3416
3419
3422
3425
3428
3431
3434
3437
3440
3443
3446
3449
3452
3455
3458
3461
3464
3464
3467
3470
3470
3473
3476
3479
3482
3485
3488
3491
3494
3497
3500
3503
3506
3509
3512
3515
3518
3521
3524
3527
3530
3533
3536
3539
3542
3545
3548
3551
3554
3557
3560
3563
3566
3569
3572
3575
3578
3581
3584
3587
3590
3590
3593
3596
3599
3602
3605
3608
3611
3614
3617
3620
3623
3626
3629
3632
3635
3638
3641
3644
3647
3650
3653
3656
3659
3662
3665
3668
3671
3674
3677
3680
3683
3686
3689
3692
3695
3698
3701
3704
3707
3710
3713
3716
3719
3722
3725
3728
3728
3731
3734
3737
3740
3743
3746
3749
3752
3755
3758
3761
3764
3767
3770
3773
3776
3779
3782
3785
3788
3791
3794
3797
3800
3803
3806
3809
3812
3815
3818
3821
3824
3827
3830
3833
3836
3839
3839
3842
3845
3848
3851
3854
3857
3860
3863
3866
3869
3872
3875
3878
3881
3881
3884
3887
3890
3893
3896
3899
3902
3905
3908
3911
3914
3917
3920
3923
3926
3929
3932
3935
3935
3938
3941
3944
3947
3950
3950
3953
3956
3959
3962
3965
3965
3968
3971
3974
3977
3980
3983
3986
3989
3992
3995
3998
4001
4004
4007
4010
4013
4016
4019
4022
4025
4028
4031
4034
4037
4040
4043
4046
4049
4052
4055
4058
4061
4064
4067
4070
4073
4076
4079
4082
4085
4088
4091
4094
4097
4100
4103
4106
4109
4112
4115
4118
4121
4124
4127
4130
4133
4136
4139
4142
4145
4148
4151
4154
4157
4160
4163
4166
4169
4172
4175
4178
4181
4184
4187
4190
4193
4196
4199
4202
4205
4208
4211
4214
4217
4220
4223
4226
4229
4232
4235
4238
4241
4244
4247
4250
4253
4256
4259
4262
4265
4268
4271
4274
4277
4280
4283
4286
4289
4292
4295
4298
4301
4303
4306
4309
4312
4315
4318
4321
4324
4327
4330
4333
4336
4339
4342
4345
4348
4351
4354
4357
4360
4363
4366
4369
4372
4375
4378
4381
4384
4387
4390
4393
4393
4396
4399
4402
4405
4408
4411
4414
4417
4420
4423
4426
4429
4432
4435
4438
4441
4444
4447
4450
4453
4456
4459
4462
4465
4468
4471
4474
4477
4480
4483
4486
4489
4492
4495
4498
4501
4504
4507
4510
4513
4516
4519
4522
4525
4528
4531
4534
4537
4540
4543
4546
4546
4549
4552
4555
4558
4561
4564
4567
4570
4573
4576
4579
4582
4585
4588
4591
4594
4597
4600
4603
4606
4609
4612
4615
4618
4621
4624
4627
4630
4633
4636
4639
4642
4645
4648
4651
4654
4654
4657
4660
4663
4666
4669
4672
4675
4678
4681
4684
4687
4687
4690
4693
4696
4696
4699
4702
4705
4708
4711
4714
4717
4720
4723
4723
4726
4729
4732
4735
4738
4741
4744
4747
4750
4753
4756
4759
4762
4765
4765
4768
4771
4774
4777
4780
4783
4786
4789
4792
4795
4798
4801
4804
4807
4810
4813
4816
4819
4822
4825
4828
4831
4834
4837
4840
4843
4846
4849
4852
4855
4858
4861
4864
4867
4870
4873
4876
4876
4879
4879
4882
4885
4888
4891
4894
4897
4900
4903
4906
4909
4912
4915
4918
4921
4924
4927
4930
4933
4936
4939
4942
4945
4948
4951
4954
4957
4960
4963
4966
4969
4972
4975
4978
4981
4984
4987
4990
4993
4996
4999
5002
5005
5008
5011
5014
5017
5020
5023
5026
5029
5032
5032
5035
5038
5041
5044
5047
5050
5053
5056
5059
5062
5065
5068
5071
5074
5074
5077
5080
5083
5086
5089
5092
5095
5098
5101
5104
5107
5110
5113
5116
5119
5122
5125
5128
5131
5134
5137
5140
5143
5146
5149
5152
5155
5158
5161
5164
5167
5170
5173
5176
5179
5182
5185
5188
5191
5194
5197
5200
5203
5206
5209
5212
5215
5218
5221
5224
5227
5230
5233
5236
5239
5239
5242
5245
5248
5251
5251
5254
5257
5260
5260
5260
5263
5266
5269
5272
5275
5278
5281
5284
5287
5290
5293
5296
5299
5302
5305
5308
5311
5314
5317
5320
5323
5326
5329
5332
5335
5338
5341
5344
5347
5350
5353
5356
5359
5362
5365
5368
5371
5374
5377
5380
5383
5386
5389
5392
5395
5395
5398
5401
5404
5407
5410
5413
5416
5419
5422
5425
5428
5431
5434
5437
5440
5443
5446
5449
5452
5455
5458
5461
5464
5467
5470
5473
5476
5479
5482
5485
5488
5491
5494
5497
5500
5503
5506
5509
5512
5515
5518
5521
5524
5527
5530
5533
5536
5539
5542
5545
5548
5551
5554
5557
5560
5563
5566
5569
5572
5575
5578
5581
5584
5587
5590
5593
5596
5599
5602
5602
5605
5608
5611
5614
5617
5620
5623
5626
5629
5631
5634
5637
5637
5640
5643
5646
5649
5649
5652
5655
5658
5661
5664
5667
5670
5673
5676
5679
5682
5685
5688
5691
5694
5697
5700
5703
5706
5709
5712
5715
5718
5721
5724
5727
5730
5733
5733
5736
5739
5742
5745
5748
5751
5754
5757
5760
5763
5766
5769
5772
5775
5778
5781
5784
5787
5790
5793
5796
5799
5802
5805
5808
5811
5814
5817
5820
5823
5826
5829
5832
5835
5838
5841
5844
5847
5850
5853
5856
5859
5862
5865
5868
5871
5874
5877
5880
5883
5886
5889
5892
5895
5898
5901
5904
5907
5910
5913
5916
5919
5922
5925
5928
5931
5934
5937
5940
5943
5946
5949
5952
5955
5958
5961
5964
5967
5970
5973
5976
5979
5982
5985
5988
5991
5994
5997
6000
6003
6006
6009
6012
6012
6015
6018
6021
6024
6027
6030
6033
6036
6039
6042
6045
6048
6051
6054
6057
6060
6063
6066
6069
6072
6075
6078
6081
6084
6087
6090
6093
6096
6099
6102
6105
6108
6111
6114
6117
6120
6123
6126
6129
6132
6135
6138
6141
6144
6147
6150
6153
6156
6159
6162
6165
6168
6171
6174
6177
6180
6183
6186
6189
6192
6195
6198
6201
6204
6207
6210
6213
6216
6219
6222
6225
6228
6231
6234
6237
6240
6243
6246
6249
6252
6255
6258
6261
6264
6267
6270
6273
6276
6279
6282
6285
6288
6291
6294
6294
6297
6300
6303
6306
6309
6312
6315
6318
6321
6321
6324
6327
6330
6333
6336
6339
6342
6345
6348
6351
6354
6357
6360
6363
6366
6369
6372
6375
6375
6378
6381
6384
6387
6390
6393
6396
6399
6402
6405
6408
6411
6414
6417
6417
6420
6423
6426
6429
6432
6435
6438
6441
6444
6447
6450
6453
6456
6459
6462
6465
6468
6471
6474
6477
6480
6483
6483
6486
6489
6492
6495
6498
6501
6504
6507
6510
6513
6516
6519
6522
6525
6528
6531
6534
6537
6540
6543
6546
6549
6552
6555
6558
6561
6564
6567
6570
6573
6576
6579
6582
6585
6585
6588
6591
6594
6597
6600
6603
6606
6609
6612
6615
6618
6621
6624
6627
6630
6633
6636
6639
6642
6645
6648
6651
6654
6657
6660
6663
6666
6669
6672
6675
6678
6681
6684
6687
6690
6693
6696
6699
6702
6705
6708
6711
6714
6717
6720
6723
6726
6729
6732
6735
6738
6738
6741
6744
6747
6750
6753
6756
6759
6762
6765
6768
6771
6774
6777
6780
6783
6786
6789
6792
6795
6798
6798
6801
6804
6807
6810
6813
6816
6819
6822
6825
6828
6831
6834
6837
6840
6843
6846
6849
6852
6855
6858
6861
6864
6867
6870
6873
6876
6879
6882
6885
6888
6891
6894
6897
6900
6903
6906
6909
6912
6915
6918
6921
6924
6924
6927
6930
6933
6936
6939
6942
6945
6948
6951
6954
6957
6960
6963
6966
6969
6972
6975
6978
6981
6984
6987
6990
6993
6996
6999
7002
7005
7008
7011
7014
7017
7020
7023
7026
7029
7032
7035
7038
7041
7044
7047
7050
7053
7056
7059
7062
7065
7068
7071
7074
7077
7080
7083
7086
7089
7092
7095
7098
7101
7104
7107
7110
7113
7116
7119
7122
7125
7128
7131
7134
7137
7140
7143
7146
7149
7152
7155
7158
7161
7164
7167
7170
7173
7176
7179
7182
7185
7188
7191
7194
7197
7200
7203
7206
7209
7212
7215
7218
7221
7224
7227
7230
7233
7233
7236
7239
7242
7245
7248
7251
7254
7257
7260
7263
7266
7269
7272
7275
7278
7281
7284
7287
7290
7293
7296
7299
7302
7305
7308
7311
7314
7317
7320
7323
7326
7329
7332
7335
7338
7341
7344
7347
7350
7353
7356
7359
7362
7365
7368
7371
7374
7377
7380
7383
7386
7389
7392
7395
7398
7401
7404
7407
7410
7413
7416
7416
7419
7422
7425
7428
7431
7431
7434
7434
7437
7440
7443
7446
7449
7452
7455
7458
7461
7464
7467
7470
7473
7476
7479
7482
7485
7488
7488
7491
7494
7497
7500
7503
7506
7509
7512
7515
7518
7521
7524
7527
7530
7533
7536
7539
7542
7545
7548
7551
7554
7557
7560
7563
7566
7569
7572
7575
7578
7581
7584
7587
7590
7593
7593
7596
7599
7602
7605
7608
7608
7611
7614
7617
7620
7623
7626
7626
7629
7632
7635
7638
7641
7644
7647
7650
7653
7656
7659
7662
7665
7668
7671
7674
7677
7680
7683
7686
7689
7692
7695
7698
7701
7704
7707
7710
7713
7716
7719
7722
7725
7728
7731
7734
7737
7740
7740
7743
7746
7749
7752
7755
7758
7761
7764
7767
7770
7773
7776
7779
7782
7785
7788
7791
7794
7797
7800
7803
7806
7809
7812
7815
7818
7821
7824
7827
7830
7833
7836
7839
7842
7845
7848
7851
7854
7857
7860
7863
7866
7869
7872
7875
7878
7881
7884
7887
7890
7893
7896
7896
7899
7902
7905
7908
7911
7914
7917
7920
7923
7926
7929
7932
7935
7938
7941
7941
7944
7947
7950
7953
7956
7959
7962
7965
7965
7968
7971
7974
7977
7980
7983
7986
7989
7992
7995
7998
8001
8004
8007
8010
8013
8016
8019
8022
8025
8028
8031
8034
8037
8040
8043
8046
8049
8052
8055
8058
8061
8064
8067
8070
8073
8076
8079
8082
8085
8088
8091
8094
8097
8100
8103
8106
8109
8112
8115
8118
8121
8124
8127
8130
8133
8136
8139
8142
8145
8148
8151
8154
8157
8160
8163
8166
8169
8172
8175
8178
8181
8184
8184
8187
8190
8193
8196
8199
8202
8205
8208
8211
8214
8217
8220
8223
8226
8229
8232
8235
8238
8241
8241
8244
8247
8250
8253
8256
8259
8262
8265
8268
8271
8274
8277
8280
8283
8286
8289
8292
8295
8298
8301
8304
8307
8310
8313
8316
8319
8322
8325
8328
8331
8334
8337
8340
8343
8346
8346
8349
8352
8355
8358
8361
8364
8367
8370
8373
8376
8379
8382
8385
8388
8391
8394
8397
8400
8403
8406
8409
8412
8415
8418
8421
8424
8427
8430
8433
8436
8439
8439
8442
8445
8448
8451
8454
8457
8460
8463
8466
8469
8472
8475
8478
8481
8484
8487
8487
8490
8493
8496
8499
8502
8505
8508
8511
8511
8514
8517
8520
8523
8526
8529
8532
8535
8538
8541
8544
8547
8550
8553
8556
8556
8559
8562
8565
8568
8571
8574
8577
8580
8583
8586
8589
8592
8595
8598
8601
8604
8607
8610
8613
8616
8619
8622
8625
8628
8631
8634
8637
8640
8643
8646
8649
8652
8655
8658
8661
8664
8667
8670
8673
8676
8679
8682
8685
8688
8688
8688
8691
8694
8697
8700
8703
8706
8709
8712
8715
8718
8721
8724
8727
8730
8733
8736
8739
8742
8745
8748
8751
8754
8757
8757
8757
8760
8763
8766
8769
8772
8775
8778
8781
8784
8787
8790
8793
8796
8799
8802
8805
8808
8811
8814
8817
8820
8823
8826
8829
8832
8835
8838
8841
8844
8847
8850
8853
8856
8859
8862
8865
8868
8871
8874
8877
8880
8883
8886
8889
8892
8895
8898
8901
8901
8904
8907
8910
8913
8916
8919
8922
8925
8928
8931
8934
8937
8940
8943
8946
8949
8952
8955
8958
8961
8964
8967
8970
8973
8976
8979
8982
8985
8988
8991
8994
8997
9000
9003
9006
9009
9009
9012
9015
9018
9018
9021
9024
9027
9030
9033
9036
9039
9042
9045
9048
9051
9054
9057
9060
9063
9066
9069
9072
9075
9078
9081
9084
9087
9090
9093
9096
9099
9102
9105
9105
9108
9111
9114
9117
9120
9123
9126
9129
9132
9135
9138
9141
9144
9147
9150
9153
9156
9159
9162
9165
9168
9171
9174
9177
9180
9180
9183
9186
9189
9192
9195
9198
9201
9204
9207
9210
9213
9216
9219
9222
9225
9228
9231
9234
9237
9240
9243
9246
9249
9252
9255
9258
9261
9264
9267
9270
9273
9276
9279
9282
9285
9288
9291
9294
9297
9300
9303
9306
9309
9312
9315
9318
9321
9324
9327
9330
9333
9336
9339
9339
9342
9345
9345
9348
9351
9354
9357
9360
9363
9366
9369
9372
9375
9378
9381
9384
9387
9390
9393
9396
9399
9402
9405
9408
9411
9414
9417
9420
9423
9426
9429
9432
9435
9438
9441
9444
9447
9450
9453
9453
9456
9459
9462
9465
9468
9471
9474
9477
9480
9483
9486
9489
9492
9495
9498
9501
9504
9507
9510
9513
9516
9519
9522
9525
9528
9531
9534
9537
9540
9543
9546
9549
9552
9555
9558
9561
